LL LL                XX       SS SS   
00 01 02 03 04 05 06 07 08 09 10 11 12 13 14 15 26 17 18 19 20 21 22 23 24 25 26 27 28 
1d 00 00 00 04 00 00 09 00 02 02 00 00 80 00 00 0a 01 28 12 06 f8 01 01 c0 02 0c 18 06 (at start / init)
1a 00 00 00 04 00 00 09 00 02 37 00 00 80 00 00 0a 01 1f 12 03 f8 19 14 18 09
1a 00 00 00 04 00 00 09 00 02 1e 00 00 80 00 00 0a 01 1f 12 03 f8 01 14 18 07
1d 00 00 00 04 00 00 09 00 02 03 00 00 80 00 00 0a 01 28 12 06 f8 01 01 c0 02 0c 18 06
1e 00 00 00 04 00 00 09 00 02 08 00 00 80 00 00 0a 02 1e 28 12 06 f8 01 01 c0 02 0a 18 06
1a 00 00 00 04 00 00 09 00 02 1e 00 00 80 00 00 0a 01 1f 12 03 f8 01 14 18 07
1a 00 00 00 04 00 00 09 00 02 52 00 00 80 00 00 0a 01 1f 12 03 f8 01 14 18 11
1a 00 00 00 04 00 00 09 00 02 10 00 00 80 00 00 0a 01 1f 12 03 f8 01 14 18 11  Loop recording 5k24fps  
1a 00 00 00 04 00 00 09 00 02 1d 00 00 80 00 00 0a 01 1f 12
1a 00 00 00 04 00 00 09 00 02 28 00 00 80 00 00 0a 01 1f 12 03 f8 01 0a 18 11 Loop recordin 5k30fps 
15 00 00 00 04 00 00 0a 00 02 14 00 00 80 00 00 0a 01 1d 10 11 New command code 0a ? Start Loop ?
15 00 00 00 04 00 00 0a 00 02 2f 00 00 80 00 00 0a 01 1d 10 11
12 00 00 00 04 00 00 04 00 02 15 00 00 80 00 00 08 06 Start loop recording start
12 00 00 00 04 00 80 05 00 02 18 00 00 80 00 00 50 06 loop recording stop
1d 00 00 00 04 00 00 09 00 02 02 00 00 80 00 00 0a 01 28 12 04 d8 01 01 c4 02 0c 18 06 HDR 24



2_2897.510_2989.490_3005.630_0.112_-0.052_90.780_2900.010_8927.880_3007.670_0.264_-0.054_89.199_11904_5952_28872_1.94
8170_4606.500_4606.360_2981.270_2996.8804261_1.24103141_-3.91689420_0.00053799_-0.00095212_11904_5952_71_199424S

Loop recording

M  4991 09: 1d 00 00 00 04 00 00 09 00 02 03 00 0c 80 00 20 ca 00 28 12 06 f8 01 01 c0 02 0c 18 06
S  4998 0f: 10 00 00 00 04 00 00 0f 00 02 04 00 00 80 00 00
M  5002 0f: 10 00 00 00 04 00 00 0f 00 02 05 00 00 80 00 00
S  5027 17: 10 00 00 00 04 00 00 17 20 02 ff 8a 43 f4 00 00
S  5053 17: 10 00 00 00 04 00 00 17 20 02 ff 8a 43 f4 4e 01
S  5083 17: idem
S  5085 c7: Trop long ;-)
S  5123 17: idem
S  5125 c8: 12 00 00 00 04 00 00 c8 00 02 02 00 00 80 4e 5c 08 28
S  5129 c8: 12 00 00 00 04 00 00 c8 00 02 03 00 00 80 4e 5c 08 28
S ...

M  5258 08: 19 00 00 00 04 00 00 08 00 02 06 00 00 80 00 00 0a 07 0b 14 03 42 1b 41 41
S ...

M  5274 42: 10 00 00 00 04 00 00 42 00 02 07 00 00 80 00 00
S ...
S  6428 03: 16 00 00 00 04 00 00 03 20 02 ff 8a 43 f4 00 00 0a 04 08 00 10 56 

M  6914 09: 1a 00 00 00 04 00 00 09 00 02 1a 00 00 80 00 00 0a 01 1f 12 03 f8 01 14 18 11
M  6922 0f: 10 00 00 00 04 00 00 0f 00 02 1b 00 00 80 00 00
S  6923 c8: 12 00 00 00 04 00 00 c8 00 02 1a 00 00 80 4e ec 08 1f
S  6927 c8: 18 00 00 00 04 00 00 c8 00 02 1b 00 00 80 4e ee 0a 06 08 00 10 00 22 00

M  7472 09: 1a 00 00 00 04 00 00 09 00 02 26 00 00 80 00 00 0a 01 1f 12 03 f8 01 0a 18 11
M  7480 0f: 10 00 00 00 04 00 00 0f 00 02 27 00 00 80 00 00
S  7481 c8: 12 00 00 00 04 00 00 c8 00 02 26 00 00 80 4e ec 08 1f
S  7485 c8: 18 00 00 00 04 00 00 c8 00 02 27 00 00 80 4e ee 0a 06 08 00 10 00 22 00
M  7683 04: 12 00 00 00 04 00 00 04 00 02 2c 00 00 80 00 00 08 06
S  7939 10: 16 00 00 00 04 00 00 10 20 02 ff 8a 43 f4 bf 00 08 12 10 00 1a 00
M  8328 3c: 40 00 00 00 04 00 00 3c 00 02 30 00 00 80 00 00 08 ad cf cc ...
S  8345 c8: 10 00 00 00 04 00 00 c8 00 02 30 00 00 80 00 00
M  9470 0f: 10 00 00 00 04 00 00 0f 00 02 31 00 00 80 00 00
S  9475 c8: 40 00 00 00 04 00 00 c8 00 02 31 00 00 80 00 00 0a 2e 08 12 ...
M  9554 0f: 10 00 00 00 04 00 00 0f 00 02 32 00 00 80 00 00
S  9559 c8: 40 00 00 00 04 00 00 c8 00 02 32 00 00 80 00 00 0a 2e 08 12 ...
M  9688 3c: 40 00 00 00 04 00 00 3c 00 02 33 00 00 80 00 00 08 c2 cf cc ...
S  9705 c8: 10 00 00 00 04 00 00 c8 00 02 33 00 00 80 00 00


M 10130 05: 12 00 00 00 04 00 00 05 00 02 34 00 00 80 00 00 10 06
S 10209 10: 16 00 00 00 04 00 00 10 20 02 ff 8a 43 f4 00 00 08 00 10 00 1a 00 
S 10311 06: 14 00 00 00 04 00 00 06 20 02 ff 8a 43 f4 0b 40 08 00 10 00
S 10313 c8: 49 00 00 00 04 00 00 c8 00 02 34 00 00 80 00 00 0a 37 0a 2e ...
