LL LL                XX       SS SS   
00 01 02 03 04 05 06 07 08 09 10 11 12 13 14 15 26 17 18 19 20 21 22 23 24 25 26 27 28 
1d 00 00 00 04 00 00 09 00 02 02 00 00 80 00 00 0a 01 28 12 06 f8 01 01 c0 02 0c 18 06 (at start / init)
1a 00 00 00 04 00 00 09 00 02 37 00 00 80 00 00 0a 01 1f 12 03 f8 19 14 18 09
1a 00 00 00 04 00 00 09 00 02 1e 00 00 80 00 00 0a 01 1f 12 03 f8 01 14 18 07
1d 00 00 00 04 00 00 09 00 02 03 00 00 80 00 00 0a 01 28 12 06 f8 01 01 c0 02 0c 18 06
1e 00 00 00 04 00 00 09 00 02 08 00 00 80 00 00 0a 02 1e 28 12 06 f8 01 01 c0 02 0a 18 06
1a 00 00 00 04 00 00 09 00 02 1e 00 00 80 00 00 0a 01 1f 12 03 f8 01 14 18 07
1a 00 00 00 04 00 00 09 00 02 52 00 00 80 00 00 0a 01 1f 12 03 f8 01 14 18 11
1a 00 00 00 04 00 00 09 00 02 10 00 00 80 00 00 0a 01 1f 12 03 f8 01 14 18 11  Loop recording 5k24fps  
1a 00 00 00 04 00 00 09 00 02 1d 00 00 80 00 00 0a 01 1f 12
1a 00 00 00 04 00 00 09 00 02 28 00 00 80 00 00 0a 01 1f 12 03 f8 01 0a 18 11 Loop recordin 5k30fps 
15 00 00 00 04 00 00 0a 00 02 14 00 00 80 00 00 0a 01 1d 10 11 New command code 0a ? Start Loop ?
15 00 00 00 04 00 00 0a 00 02 2f 00 00 80 00 00 0a 01 1d 10 11
12 00 00 00 04 00 00 04 00 02 15 00 00 80 00 00 08 06 Start loop recording start
12 00 00 00 04 00 80 05 00 02 18 00 00 80 00 00 50 06 loop recording stop
1d 00 00 00 04 00 00 09 00 02 02 00 00 80 00 00 0a 01 28 12 04 d8 01 01 c4 02 0c 18 06 HDR 24



2_2897.510_2989.490_3005.630_0.112_-0.052_90.780_2900.010_8927.880_3007.670_0.264_-0.054_89.199_11904_5952_28872_1.94
8170_4606.500_4606.360_2981.270_2996.8804261_1.24103141_-3.91689420_0.00053799_-0.00095212_11904_5952_71_199424S